0 0 0 0 0.42841946468498027 -0.6841750504222
0 0 0 1 -0.10032078010648837 0.7816547799841442
0 0 0 2 0.9579738270229012 -0.19517477516840664
0 0 1 0 -0.35027607370694613 0.5376285723577193
0 0 1 1 -0.11818562675568356 -0.48880569999243284
0 0 1 2 -0.11607680937056108 0.5594590866553448
0 0 2 0 0.2608350352961145 0.019321800136870126
0 0 2 1 0.11975003257653294 -0.33551545421017326
0 0 2 2 -0.48337943704904074 -0.18004009937420584
0 0 3 0 0.15730264952734174 0.4719763485517434
0 0 3 1 -0.38873665860220785 0.48599880788642547
0 0 3 2 0.24288582178232965 0.5002887070270206
0 0 4 0 0.6830294429070273 -0.07798415920808965
0 0 4 1 0.04305127762172567 0.07379183731537153
0 0 4 2 0.5367722600968927 -0.3857635005059241
0 0 5 0 0.0004320598962140876 -0.6035273126181195
0 0 5 1 -0.053767825870431274 -0.260358117010691
0 0 5 2 0.5987553070263462 0.08147777301739922
0 0 6 0 0.05580750079409458 0.681583596426379
0 0 6 1 0.22994745597037813 0.33479080545893536
0 0 6 2 0.10199442806059678 0.018042660890486006
0 1 0 0 -0.15293871170437667 -0.15599561221926694
0 1 0 1 0.5548026711975127 0.002385571618226834
0 1 0 2 0.5117562962167888 0.25803441987702713
0 1 1 0 0.17163722994203245 0.1958296255564672
0 1 1 1 0.2877205606198153 -0.30875713236158486
0 1 1 2 -0.5340774958828212 0.5162429550724847
0 1 2 0 0.48118829660447093 -0.46910806338863653
0 1 2 1 0.1976026331646331 0.31837426027100324
0 1 2 2 -0.36386948041078626 -0.019697448480482938
0 1 3 0 0.10048368924431161 -0.06430427682855766
0 1 3 1 -0.2188239555839493 -0.19167283901765586
0 1 3 2 -0.08801980949193611 -0.2883219977011209
0 1 4 0 -0.38425825516668166 0.5029127671725461
0 1 4 1 -0.47453984698016016 0.3017400102522446
0 1 4 2 0.21533164930488147 0.7175044393244883
0 1 5 0 -0.012406487216993 0.25073766756236016
0 1 5 1 -0.09209252524712885 -0.680590477233777
0 1 5 2 0.08693112618357124 0.36448134711489966
0 1 6 0 0.32081008476783335 -0.00013528519682337592
0 1 6 1 0.4977784174973211 0.22106544343909107
0 1 6 2 -0.16951686785635467 -0.5055035783499491
1 0 0 0 0.14410522082531851 0.1874385151224619
1 0 0 1 0.04626693449894903 -0.15124200430891388
1 0 0 2 -0.3604585174236108 0.4627758480003116
1 0 1 0 0.2837333626026358 -0.3940619825760795
1 0 1 1 -0.4217100011849231 0.021012833642094164
1 0 1 2 -0.1570774785976924 0.17403354342373956
1 0 2 0 -0.7595033179641503 -0.3922951641035297
1 0 2 1 0.8145904094486797 -0.40417037355111973
1 0 2 2 0.0759888467329739 -0.469832423650667
1 0 3 0 -0.6065992189278553 -0.5328797289672895
1 0 3 1 0.06741369031173705 -0.13539083843847055
1 0 3 2 -0.09908307653862014 -0.1671127091679946
1 0 4 0 0.8514840136667459 -0.025748287211926346
1 0 4 1 -0.3634434938894653 0.07371174286454119
1 0 4 2 -0.4811620576652662 -0.43726169019888617
1 0 5 0 0.2278928720283403 -0.20467232277754432
1 0 5 1 -0.410951375297946 0.17489714628171182
1 0 5 2 0.10088031382246954 -0.19201645958766467
1 0 6 0 -0.15158315568114034 -0.08075548015808942
1 0 6 1 -0.08252619558274488 0.44367518260898564
1 0 6 2 0.2689904441598684 0.7447307609576255
1 1 0 0 0.49703444751413495 0.12036229711884217
1 1 0 1 0.2591721544249672 -0.002562121971707021
1 1 0 2 -0.46997507271562866 0.24824111226789036
1 1 1 0 0.7123562238858059 -0.15944680772151987
1 1 1 1 0.19082536200955147 0.03414345499329097
1 1 1 2 -0.010468098718712682 0.6769996183833383
1 1 2 0 -0.08955161471313156 0.011076913263954657
1 1 2 1 0.17363177328628432 0.16067229947364636
1 1 2 2 0.1319330443260216 -0.03328068478186108
1 1 3 0 0.04979092031746302 0.19771071029689757
1 1 3 1 0.7551610841104893 0.894978844449545
1 1 3 2 0.5238141066024709 -0.889883391151913
1 1 4 0 0.11667836925997432 0.06069779780100426
1 1 4 1 0.22872841633874808 0.5251635383554693
1 1 4 2 0.006562323935432546 -0.06539610449956335
1 1 5 0 -0.27043493664648355 0.7372607499495974
1 1 5 1 0.8262584644801254 0.24071306910993928
1 1 5 2 0.5522389822179868 0.49632503548934204
1 1 6 0 0.45447974871599306 0.5376991221814047
1 1 6 1 0.09857326965656155 -0.3375638858056894
1 1 6 2 -0.1024214109773075 -0.07849378058159429
2 0 0 0 -0.47934388497792657 0.03188100410752659
2 0 0 1 -0.7407755265783327 0.22092840702206473
2 0 0 2 0.7415211445061081 -0.32078808279905235
2 0 1 0 -0.4199843612388645 0.021385413103027773
2 0 1 1 0.058123690323043764 -0.2672721763627084
2 0 1 2 0.035391974871754606 0.10195654079676786
2 0 2 0 -0.21509394215889555 -0.19648345582514093
2 0 2 1 -0.4726405433609796 -0.7635797064283896
2 0 2 2 -0.19591464321771934 0.4971580427270902
2 0 3 0 -0.2613323794556519 -0.3606719677362792
2 0 3 1 0.8282035144776106 -0.5945933364182795
2 0 3 2 -0.6815709685003934 -0.18540882350919896
2 0 4 0 -0.18550082456952977 0.0766280067823879
2 0 4 1 -0.31572849898513944 -0.13105225545652965
2 0 4 2 -0.29500272416904005 -0.014025657640123979
2 0 5 0 0.1820948563631215 -0.025745037963977646
2 0 5 1 -0.6221088814759865 0.4132533962837128
2 0 5 2 -0.3033613056796347 0.05761062209898071
2 0 6 0 0.27441391058169085 -0.13699715193281448
2 0 6 1 -0.0678078003977256 0.7406477675870536
2 0 6 2 0.5250977596850602 -0.04737461972828194
2 1 0 0 0.6647825565313886 -0.10260987543397715
2 1 0 1 -0.21306634858252527 0.7219935452738069
2 1 0 2 0.1498280061176257 -0.10839752768553035
2 1 1 0 -0.17038701154002034 -0.4586796976451534
2 1 1 1 0.1362029607945816 0.6467172021251503
2 1 1 2 0.37311337020215773 -0.5222479500610473
2 1 2 0 -0.2756846319534033 -0.6424022820678701
2 1 2 1 -0.1697242098870202 0.27739717014023746
2 1 2 2 -0.2610496165494999 -0.795243498667909
2 1 3 0 -0.6202273108162608 -0.5705362195476799
2 1 3 1 -0.006584236307123681 0.03911199380046393
2 1 3 2 -0.005938130002318243 0.3087811110601486
2 1 4 0 0.0722949708448275 -0.05255212853171265
2 1 4 1 0.08632250581913536 -0.7374629637755088
2 1 4 2 0.20503193414475784 0.7803316754591598
2 1 5 0 -0.21424272086695662 -0.38173775999890946
2 1 5 1 -0.35665236182524884 0.24946835556332014
2 1 5 2 -0.11560187509079622 -0.2755552222404277
2 1 6 0 -0.6244656365584689 0.49491903867839804
2 1 6 1 0.10548828741622918 -0.2000459598886164
2 1 6 2 0.4182490059786642 -0.0058562028943275335
3 0 0 0 -0.10543614966819559 -0.324461496019705
3 0 0 1 0.06218857386726795 -0.1640575933269084
3 0 0 2 0.7419107118191438 -0.24160017991173133
3 0 1 0 0.31925345077471046 -0.18949986223147597
3 0 1 1 0.4094389285514495 0.11787373152453529
3 0 1 2 -0.36992390605961 0.4457597089089006
3 0 2 0 -0.29245586531182977 0.04752592190116833
3 0 2 1 -0.3857877518183018 0.18938592120312947
3 0 2 2 0.16178197775718994 0.6077514984787424
3 0 3 0 -0.6062720513985034 0.2888913696083625
3 0 3 1 0.4223288876523732 -0.2953053868671607
3 0 3 2 -0.19978387632502193 0.24160645711614293
3 0 4 0 -0.09959209738131825 -0.19633454336919276
3 0 4 1 -0.12131447841751708 0.19113720651401767
3 0 4 2 -0.010930606061011816 0.20456045290017189
3 0 5 0 -0.5466447518248472 -0.41422834518895724
3 0 5 1 0.6821136045457997 0.4765112852061756
3 0 5 2 -0.07800111118263997 -0.6728788282478227
3 0 6 0 0.6058280803702353 0.23450211622238037
3 0 6 1 0.04425487901498326 0.650223638715549
3 0 6 2 0.4095680618266463 -0.2196831753558417
3 1 0 0 -0.12541453447366335 0.27876103157692966
3 1 0 1 -0.5549301246773145 0.26470251923584454
3 1 0 2 -0.12997150272342706 -0.16790513775254556
3 1 1 0 0.08693896742740537 0.43153571665357804
3 1 1 1 0.7959976561442961 -0.8015339357044696
3 1 1 2 -0.562084374658615 -0.4975626051892813
3 1 2 0 0.05178435343570709 -0.2625580362929155
3 1 2 1 0.41710709102711263 0.3416382156034855
3 1 2 2 -0.4067062604739381 0.16881591196582868
3 1 3 0 0.01956673943572773 0.17881552802186262
3 1 3 1 -0.2151635647937521 -0.07173799873195152
3 1 3 2 0.17043595808264833 -0.5172398855452315
3 1 4 0 -0.2581874935266112 0.11934424121965193
3 1 4 1 -0.4820997852231389 -0.016612815589441388
3 1 4 2 0.0744370311781164 0.7942739087356027
3 1 5 0 0.13328169666898693 -0.053860522796328136
3 1 5 1 0.02625172626807104 0.3800004206512563
3 1 5 2 -0.19151204667826727 0.5889180577788913
3 1 6 0 -0.09634662921397141 0.6758908911804694
3 1 6 1 -0.051763160814500386 0.004055894592547182
3 1 6 2 -0.10344651097989987 0.6680513900775723